bandwidth=0.631191
log_quota=0.000338554
quota=0.52387
