bandwidth=0.000000
log_quota=0.000338554
quota=380.995
